x := [212.19, 207.77, 212.07, 220.55, 233.35, 253.45, 278.68, 282.74, 279.28, 280.82]
y := [376.22, 442.47, 459.82, 431.24, 443.15, 461.75, 454.67, 406.11, 388.74, 404.15]
t := [0.0, 0.1111111111111111, 0.2222222222222222, 0.3333333333333333, 0.4444444444444444, 0.5555555555555556, 0.6666666666666666, 0.7777777777777777, 0.8888888888888888, 1.0]
u := [0.0, 0.016129032258064516, 0.03225806451612903, 0.04838709677419355, 0.06451612903225806, 0.08064516129032258, 0.0967741935483871, 0.11290322580645161, 0.12903225806451613, 0.14516129032258063, 0.16129032258064516, 0.1774193548387097, 0.1935483870967742, 0.2096774193548387, 0.22580645161290322, 0.24193548387096775, 0.25806451612903225, 0.27419354838709675, 0.29032258064516125, 0.3064516129032258, 0.3225806451612903, 0.3387096774193548, 0.3548387096774194, 0.3709677419354839, 0.3870967741935484, 0.4032258064516129, 0.4193548387096774, 0.43548387096774194, 0.45161290322580644, 0.46774193548387094, 0.4838709677419355, 0.5, 0.5161290322580645, 0.532258064516129, 0.5483870967741935, 0.564516129032258, 0.5806451612903225, 0.5967741935483871, 0.6129032258064516, 0.6290322580645161, 0.6451612903225806, 0.6612903225806451, 0.6774193548387096, 0.6935483870967741, 0.7096774193548387, 0.7258064516129032, 0.7419354838709677, 0.7580645161290323, 0.7741935483870968, 0.7903225806451613, 0.8064516129032258, 0.8225806451612903, 0.8387096774193548, 0.8548387096774194, 0.8709677419354839, 0.8870967741935484, 0.9032258064516129, 0.9193548387096774, 0.9354838709677419, 0.9516129032258064, 0.967741935483871, 0.9838709677419355, 1.0]

x := [318.49, 314.11]
y := [411.03, 405.12]
t := [0.0, 1.0]
u := [0.0, 1.0]

x := [308.74, 308.11, 309.52, 308.42]
y := [429.87, 436.53, 443.42, 450.62]
t := [0.0, 0.3333333333333333, 0.6666666666666666, 1.0]
u := [0.0, 0.09090909090909091, 0.18181818181818182, 0.2727272727272727, 0.36363636363636365, 0.4545454545454546, 0.5454545454545454, 0.6363636363636364, 0.7272727272727273, 0.8181818181818182, 0.9090909090909092, 1.0]

x := [345.0, 331.53, 340.69, 338.52, 328.85, 334.87, 342.16, 332.42, 325.23]
y := [465.89, 457.68, 447.42, 445.15, 432.89, 419.92, 431.53, 437.65, 433.93]
t := [0.0, 0.125, 0.25, 0.375, 0.5, 0.625, 0.75, 0.875, 1.0]
u := [0.0, 0.02127659574468085, 0.0425531914893617, 0.06382978723404255, 0.0851063829787234, 0.10638297872340426, 0.1276595744680851, 0.14893617021276595, 0.1702127659574468, 0.19148936170212766, 0.2127659574468085, 0.23404255319148937, 0.2553191489361702, 0.2765957446808511, 0.2978723404255319, 0.3191489361702128, 0.3404255319148936, 0.36170212765957444, 0.3829787234042553, 0.40425531914893614, 0.425531914893617, 0.44680851063829785, 0.46808510638297873, 0.48936170212765956, 0.5106382978723404, 0.5319148936170213, 0.5531914893617021, 0.5744680851063829, 0.5957446808510638, 0.6170212765957447, 0.6382978723404256, 0.6595744680851063, 0.6808510638297872, 0.7021276595744681, 0.7234042553191489, 0.7446808510638298, 0.7659574468085106, 0.7872340425531915, 0.8085106382978723, 0.8297872340425532, 0.851063829787234, 0.8723404255319148, 0.8936170212765957, 0.9148936170212766, 0.9361702127659575, 0.9574468085106382, 0.9787234042553191, 1.0]

x := [369.16, 363.41, 361.65, 374.84, 389.32, 390.36, 383.21, 380.99, 394.52, 407.92, 410.0, 414.05, 418.54, 418.7]
y := [425.74, 424.28, 438.95, 449.04, 444.7, 425.13, 423.48, 443.49, 449.28, 437.21, 424.22, 491.28, 507.0, 494.01]
t := [0.0, 0.07692307692307693, 0.15384615384615385, 0.23076923076923078, 0.3076923076923077, 0.38461538461538464, 0.46153846153846156, 0.5384615384615385, 0.6153846153846154, 0.6923076923076923, 0.7692307692307693, 0.8461538461538463, 0.9230769230769231, 1.0]
u := [0.0, 0.0196078431372549, 0.0392156862745098, 0.058823529411764705, 0.0784313725490196, 0.09803921568627451, 0.11764705882352941, 0.13725490196078433, 0.1568627450980392, 0.1764705882352941, 0.19607843137254902, 0.21568627450980393, 0.23529411764705882, 0.2549019607843137, 0.27450980392156865, 0.29411764705882354, 0.3137254901960784, 0.3333333333333333, 0.3529411764705882, 0.37254901960784315, 0.39215686274509803, 0.4117647058823529, 0.43137254901960786, 0.45098039215686275, 0.47058823529411764, 0.49019607843137253, 0.5098039215686274, 0.5294117647058824, 0.5490196078431373, 0.5686274509803921, 0.5882352941176471, 0.6078431372549019, 0.6274509803921569, 0.6470588235294118, 0.6666666666666666, 0.6862745098039216, 0.7058823529411764, 0.7254901960784313, 0.7450980392156863, 0.7647058823529411, 0.7843137254901961, 0.803921568627451, 0.8235294117647058, 0.8431372549019608, 0.8627450980392157, 0.8823529411764706, 0.9019607843137255, 0.9215686274509803, 0.9411764705882353, 0.9607843137254902, 0.9803921568627451, 1.0]

x := [424.27, 429.22]
y := [388.19, 393.08]
t := [0.0, 1.0]
u := [0.0, 1.0]

x := [484.13, 487.97, 493.19, 501.59, 511.23]
y := [422.58, 442.91, 422.71, 418.0, 441.43]
t := [0.0, 0.25, 0.5, 0.75, 1.0]
u := [0.0, 0.043478260869565216, 0.08695652173913043, 0.13043478260869565, 0.17391304347826086, 0.21739130434782608, 0.2608695652173913, 0.30434782608695654, 0.34782608695652173, 0.3913043478260869, 0.43478260869565216, 0.4782608695652174, 0.5217391304347826, 0.5652173913043478, 0.6086956521739131, 0.6521739130434783, 0.6956521739130435, 0.7391304347826086, 0.7826086956521738, 0.8260869565217391, 0.8695652173913043, 0.9130434782608695, 0.9565217391304348, 1.0]

x := [517.52, 519.82, 523.05, 540.59, 539.92]
y := [434.07, 421.13, 438.78, 430.74, 415.53]
t := [0.0, 0.25, 0.5, 0.75, 1.0]
u := [0.0, 0.043478260869565216, 0.08695652173913043, 0.13043478260869565, 0.17391304347826086, 0.21739130434782608, 0.2608695652173913, 0.30434782608695654, 0.34782608695652173, 0.3913043478260869, 0.43478260869565216, 0.4782608695652174, 0.5217391304347826, 0.5652173913043478, 0.6086956521739131, 0.6521739130434783, 0.6956521739130435, 0.7391304347826086, 0.7826086956521738, 0.8260869565217391, 0.8695652173913043, 0.9130434782608695, 0.9565217391304348, 1.0]

x := [555.75, 556.45, 562.66, 564.85, 574.83, 581.01, 583.88, 588.19]
y := [415.67, 433.6, 424.34, 417.01, 425.16, 418.67, 427.06, 437.02]
t := [0.0, 0.14285714285714285, 0.2857142857142857, 0.42857142857142855, 0.5714285714285714, 0.7142857142857142, 0.8571428571428571, 1.0]
u := [0.0, 0.037037037037037035, 0.07407407407407407, 0.1111111111111111, 0.14814814814814814, 0.18518518518518517, 0.2222222222222222, 0.25925925925925924, 0.2962962962962963, 0.3333333333333333, 0.37037037037037035, 0.4074074074074074, 0.4444444444444444, 0.48148148148148145, 0.5185185185185185, 0.5555555555555556, 0.5925925925925926, 0.6296296296296295, 0.6666666666666666, 0.7037037037037037, 0.7407407407407407, 0.7777777777777777, 0.8148148148148148, 0.8518518518518519, 0.8888888888888888, 0.9259259259259258, 0.9629629629629629, 1.0]

x := [590.85, 596.84, 611.09, 607.63, 597.15, 596.59, 608.78, 630.95, 636.83, 632.7, 634.24, 641.18, 659.33]
y := [424.03, 429.94, 431.5, 414.28, 427.87, 436.59, 438.24, 425.44, 417.02, 426.28, 439.39, 426.78, 407.72]
t := [0.0, 0.08333333333333333, 0.16666666666666666, 0.25, 0.3333333333333333, 0.41666666666666663, 0.5, 0.5833333333333333, 0.6666666666666666, 0.75, 0.8333333333333333, 0.9166666666666666, 1.0]
u := [0.0, 0.014084507042253521, 0.028169014084507043, 0.04225352112676056, 0.056338028169014086, 0.07042253521126761, 0.08450704225352113, 0.09859154929577466, 0.11267605633802817, 0.1267605633802817, 0.14084507042253522, 0.15492957746478875, 0.16901408450704225, 0.18309859154929578, 0.1971830985915493, 0.2112676056338028, 0.22535211267605634, 0.23943661971830987, 0.2535211267605634, 0.26760563380281693, 0.28169014084507044, 0.29577464788732394, 0.3098591549295775, 0.323943661971831, 0.3380281690140845, 0.35211267605633806, 0.36619718309859156, 0.38028169014084506, 0.3943661971830986, 0.4084507042253521, 0.4225352112676056, 0.4366197183098592, 0.4507042253521127, 0.4647887323943662, 0.47887323943661975, 0.49295774647887325, 0.5070422535211268, 0.5211267605633803, 0.5352112676056339, 0.5492957746478874, 0.5633802816901409, 0.5774647887323944, 0.5915492957746479, 0.6056338028169014, 0.619718309859155, 0.6338028169014085, 0.647887323943662, 0.6619718309859155, 0.676056338028169, 0.6901408450704225, 0.7042253521126761, 0.7183098591549296, 0.7323943661971831, 0.7464788732394366, 0.7605633802816901, 0.7746478873239436, 0.7887323943661972, 0.8028169014084507, 0.8169014084507042, 0.8309859154929577, 0.8450704225352113, 0.8591549295774648, 0.8732394366197184, 0.8873239436619719, 0.9014084507042254, 0.9154929577464789, 0.9295774647887324, 0.943661971830986, 0.9577464788732395, 0.971830985915493, 0.9859154929577465, 1.0]

x := [672.28, 671.41, 661.82, 666.58, 680.29, 679.28, 692.86, 698.07, 713.97, 710.21, 696.08, 698.37]
y := [388.14, 381.36, 414.07, 428.45, 411.58, 428.08, 431.94, 414.84, 414.89, 432.32, 435.78, 415.88]
t := [0.0, 0.09090909090909091, 0.18181818181818182, 0.2727272727272727, 0.36363636363636365, 0.4545454545454546, 0.5454545454545454, 0.6363636363636364, 0.7272727272727273, 0.8181818181818182, 0.9090909090909092, 1.0]
u := [0.0, 0.015384615384615385, 0.03076923076923077, 0.046153846153846156, 0.06153846153846154, 0.07692307692307693, 0.09230769230769231, 0.1076923076923077, 0.12307692307692308, 0.13846153846153847, 0.15384615384615385, 0.16923076923076924, 0.18461538461538463, 0.2, 0.2153846153846154, 0.23076923076923078, 0.24615384615384617, 0.26153846153846155, 0.27692307692307694, 0.2923076923076923, 0.3076923076923077, 0.3230769230769231, 0.3384615384615385, 0.35384615384615387, 0.36923076923076925, 0.38461538461538464, 0.4, 0.4153846153846154, 0.4307692307692308, 0.4461538461538462, 0.46153846153846156, 0.47692307692307695, 0.49230769230769234, 0.5076923076923077, 0.5230769230769231, 0.5384615384615385, 0.5538461538461539, 0.5692307692307692, 0.5846153846153846, 0.6000000000000001, 0.6153846153846154, 0.6307692307692307, 0.6461538461538462, 0.6615384615384616, 0.676923076923077, 0.6923076923076923, 0.7076923076923077, 0.7230769230769232, 0.7384615384615385, 0.7538461538461538, 0.7692307692307693, 0.7846153846153847, 0.8, 0.8153846153846154, 0.8307692307692308, 0.8461538461538463, 0.8615384615384616, 0.8769230769230769, 0.8923076923076924, 0.9076923076923078, 0.9230769230769231, 0.9384615384615385, 0.9538461538461539, 0.9692307692307693, 0.9846153846153847, 1.0]

x := [725.69, 723.18, 721.07]
y := [393.03, 391.46, 396.63]
t := [0.0, 0.5, 1.0]
u := [0.0, 0.1111111111111111, 0.2222222222222222, 0.3333333333333333, 0.4444444444444444, 0.5555555555555556, 0.6666666666666666, 0.7777777777777777, 0.8888888888888888, 1.0]

x := [728.54, 723.23, 732.4, 737.64, 742.24, 756.71, 758.17, 754.19]
y := [412.96, 424.01, 424.66, 419.52, 425.81, 422.76, 405.14, 407.97]
t := [0.0, 0.14285714285714285, 0.2857142857142857, 0.42857142857142855, 0.5714285714285714, 0.7142857142857142, 0.8571428571428571, 1.0]
u := [0.0, 0.029411764705882353, 0.058823529411764705, 0.08823529411764705, 0.11764705882352941, 0.14705882352941177, 0.1764705882352941, 0.20588235294117646, 0.23529411764705882, 0.2647058823529412, 0.29411764705882354, 0.3235294117647059, 0.3529411764705882, 0.38235294117647056, 0.4117647058823529, 0.4411764705882353, 0.47058823529411764, 0.5, 0.5294117647058824, 0.5588235294117647, 0.5882352941176471, 0.6176470588235294, 0.6470588235294118, 0.6764705882352942, 0.7058823529411764, 0.7352941176470588, 0.7647058823529411, 0.7941176470588235, 0.8235294117647058, 0.8529411764705882, 0.8823529411764706, 0.9117647058823529, 0.9411764705882353, 0.9705882352941176, 1.0]

x := [766.42, 773.47, 774.67]
y := [456.86, 436.63, 422.44]
t := [0.0, 0.5, 1.0]
u := [0.0, 0.14285714285714285, 0.2857142857142857, 0.42857142857142855, 0.5714285714285714, 0.7142857142857142, 0.8571428571428571, 1.0]

x := [832.94, 819.92, 817.82, 826.05, 841.47, 850.0, 843.11, 832.44]
y := [415.38, 449.77, 476.3, 439.66, 414.56, 423.09, 437.03, 444.25]
t := [0.0, 0.14285714285714285, 0.2857142857142857, 0.42857142857142855, 0.5714285714285714, 0.7142857142857142, 0.8571428571428571, 1.0]
u := [0.0, 0.020833333333333332, 0.041666666666666664, 0.0625, 0.08333333333333333, 0.10416666666666666, 0.125, 0.14583333333333331, 0.16666666666666666, 0.1875, 0.20833333333333331, 0.22916666666666666, 0.25, 0.2708333333333333, 0.29166666666666663, 0.3125, 0.3333333333333333, 0.35416666666666663, 0.375, 0.3958333333333333, 0.41666666666666663, 0.4375, 0.4583333333333333, 0.47916666666666663, 0.5, 0.5208333333333333, 0.5416666666666666, 0.5625, 0.5833333333333333, 0.6041666666666666, 0.625, 0.6458333333333333, 0.6666666666666666, 0.6875, 0.7083333333333333, 0.7291666666666666, 0.75, 0.7708333333333333, 0.7916666666666666, 0.8125, 0.8333333333333333, 0.8541666666666666, 0.875, 0.8958333333333333, 0.9166666666666666, 0.9375, 0.9583333333333333, 0.9791666666666666, 1.0]

x := [858.17, 871.73, 877.35, 880.63, 871.05, 864.88, 875.7]
y := [413.74, 395.25, 379.36, 376.21, 401.42, 434.97, 436.89]
t := [0.0, 0.16666666666666666, 0.3333333333333333, 0.5, 0.6666666666666666, 0.8333333333333333, 1.0]
u := [0.0, 0.034482758620689655, 0.06896551724137931, 0.10344827586206896, 0.13793103448275862, 0.1724137931034483, 0.20689655172413793, 0.24137931034482757, 0.27586206896551724, 0.3103448275862069, 0.3448275862068966, 0.3793103448275862, 0.41379310344827586, 0.4482758620689655, 0.48275862068965514, 0.5172413793103449, 0.5517241379310345, 0.5862068965517241, 0.6206896551724138, 0.6551724137931034, 0.6896551724137931, 0.7241379310344828, 0.7586206896551724, 0.7931034482758621, 0.8275862068965517, 0.8620689655172413, 0.896551724137931, 0.9310344827586207, 0.9655172413793103, 1.0]

x := [879.19, 897.18, 900.04, 887.93, 884.98, 897.25, 909.69, 908.9, 918.68, 921.03, 919.4, 910.52, 909.84, 913.01, 912.13, 919.41, 925.95, 926.29, 929.86, 941.14, 945.49, 952.08, 949.02, 944.18]
y := [425.93, 425.76, 410.97, 420.96, 437.24, 440.27, 435.97, 428.5, 419.04, 421.9, 420.78, 425.68, 436.04, 434.21, 437.27, 438.4, 430.61, 419.65, 430.92, 421.28, 414.82, 429.99, 430.72, 433.07]
t := [0.0, 0.043478260869565216, 0.08695652173913043, 0.13043478260869565, 0.17391304347826086, 0.21739130434782608, 0.2608695652173913, 0.30434782608695654, 0.34782608695652173, 0.3913043478260869, 0.43478260869565216, 0.4782608695652174, 0.5217391304347826, 0.5652173913043478, 0.6086956521739131, 0.6521739130434783, 0.6956521739130435, 0.7391304347826086, 0.7826086956521738, 0.8260869565217391, 0.8695652173913043, 0.9130434782608695, 0.9565217391304348, 1.0]
u := [0.0, 0.0072992700729927005, 0.014598540145985401, 0.021897810218978103, 0.029197080291970802, 0.0364963503649635, 0.043795620437956206, 0.051094890510948905, 0.058394160583941604, 0.06569343065693431, 0.072992700729927, 0.08029197080291971, 0.08759124087591241, 0.0948905109489051, 0.10218978102189781, 0.1094890510948905, 0.11678832116788321, 0.12408759124087591, 0.13138686131386862, 0.1386861313868613, 0.145985401459854, 0.15328467153284672, 0.16058394160583941, 0.1678832116788321, 0.17518248175182483, 0.18248175182481752, 0.1897810218978102, 0.1970802919708029, 0.20437956204379562, 0.2116788321167883, 0.218978102189781, 0.22627737226277372, 0.23357664233576642, 0.2408759124087591, 0.24817518248175183, 0.2554744525547445, 0.26277372262773724, 0.27007299270072993, 0.2773722627737226, 0.2846715328467153, 0.291970802919708, 0.2992700729927007, 0.30656934306569344, 0.31386861313868614, 0.32116788321167883, 0.3284671532846715, 0.3357664233576642, 0.3430656934306569, 0.35036496350364965, 0.35766423357664234, 0.36496350364963503, 0.3722627737226277, 0.3795620437956204, 0.3868613138686131, 0.3941605839416058, 0.40145985401459855, 0.40875912408759124, 0.41605839416058393, 0.4233576642335766, 0.4306569343065693, 0.437956204379562, 0.44525547445255476, 0.45255474452554745, 0.45985401459854014, 0.46715328467153283, 0.4744525547445255, 0.4817518248175182, 0.4890510948905109, 0.49635036496350365, 0.5036496350364963, 0.510948905109489, 0.5182481751824818, 0.5255474452554745, 0.5328467153284672, 0.5401459854014599, 0.5474452554744526, 0.5547445255474452, 0.5620437956204379, 0.5693430656934306, 0.5766423357664233, 0.583941605839416, 0.5912408759124087, 0.5985401459854014, 0.6058394160583941, 0.6131386861313869, 0.6204379562043796, 0.6277372262773723, 0.635036496350365, 0.6423357664233577, 0.6496350364963503, 0.656934306569343, 0.6642335766423357, 0.6715328467153284, 0.6788321167883211, 0.6861313868613138, 0.6934306569343065, 0.7007299270072993, 0.708029197080292, 0.7153284671532847, 0.7226277372262774, 0.7299270072992701, 0.7372262773722628, 0.7445255474452555, 0.7518248175182481, 0.7591240875912408, 0.7664233576642335, 0.7737226277372262, 0.7810218978102189, 0.7883211678832116, 0.7956204379562044, 0.8029197080291971, 0.8102189781021898, 0.8175182481751825, 0.8248175182481752, 0.8321167883211679, 0.8394160583941606, 0.8467153284671532, 0.8540145985401459, 0.8613138686131386, 0.8686131386861313, 0.875912408759124, 0.8832116788321167, 0.8905109489051095, 0.8978102189781022, 0.9051094890510949, 0.9124087591240876, 0.9197080291970803, 0.927007299270073, 0.9343065693430657, 0.9416058394160584, 0.948905109489051, 0.9562043795620437, 0.9635036496350364, 0.9708029197080291, 0.9781021897810218, 0.9854014598540146, 0.9927007299270073, 1.0]

x := [966.84, 983.5, 979.89, 961.91, 969.78, 994.12]
y := [426.28, 423.43, 411.59, 420.57, 435.32, 435.07]
t := [0.0, 0.2, 0.4, 0.6000000000000001, 0.8, 1.0]
u := [0.0, 0.034482758620689655, 0.06896551724137931, 0.10344827586206896, 0.13793103448275862, 0.1724137931034483, 0.20689655172413793, 0.24137931034482757, 0.27586206896551724, 0.3103448275862069, 0.3448275862068966, 0.3793103448275862, 0.41379310344827586, 0.4482758620689655, 0.48275862068965514, 0.5172413793103449, 0.5517241379310345, 0.5862068965517241, 0.6206896551724138, 0.6551724137931034, 0.6896551724137931, 0.7241379310344828, 0.7586206896551724, 0.7931034482758621, 0.8275862068965517, 0.8620689655172413, 0.896551724137931, 0.9310344827586207, 0.9655172413793103, 1.0]

x := [1050.1, 1053.16, 1051.75, 1049.98]
y := [414.48, 416.56, 412.58, 414.23]
t := [0.0, 0.3333333333333333, 0.6666666666666666, 1.0]
u := [0.0, 0.058823529411764705, 0.11764705882352941, 0.1764705882352941, 0.23529411764705882, 0.29411764705882354, 0.3529411764705882, 0.4117647058823529, 0.47058823529411764, 0.5294117647058824, 0.5882352941176471, 0.6470588235294118, 0.7058823529411764, 0.7647058823529411, 0.8235294117647058, 0.8823529411764706, 0.9411764705882353, 1.0]

x := [1051.18, 1055.41, 1055.44]
y := [431.27, 436.55, 431.27]
t := [0.0, 0.5, 1.0]
u := [0.0, 0.14285714285714285, 0.2857142857142857, 0.42857142857142855, 0.5714285714285714, 0.7142857142857142, 0.8571428571428571, 1.0]

x := [1064.87, 1069.66, 1078.59]
y := [426.08, 423.79, 423.43]
t := [0.0, 0.5, 1.0]
u := [0.0, 0.2, 0.4, 0.6000000000000001, 0.8, 1.0]

x := [1092.43, 1100.52, 1077.77]
y := [393.4, 428.53, 469.26]
t := [0.0, 0.5, 1.0]
u := [0.0, 0.14285714285714285, 0.2857142857142857, 0.42857142857142855, 0.5714285714285714, 0.7142857142857142, 0.8571428571428571, 1.0]

